{
 "cells": [
  {
   "cell_type": "code",
   "execution_count": 1,
   "id": "0b8380c0",
   "metadata": {},
   "outputs": [],
   "source": [
    "import numpy as np "
   ]
  },
  {
   "cell_type": "markdown",
   "id": "fef797ad",
   "metadata": {},
   "source": [
    "2. Generate at random 3 matrices of size $3 \\times 3$ and fill each entry with a random integer chosen from -10 to 10. Use an existing\n",
    "package to compute the inverse of each matrix if it exists. Include in your report:\n",
    "    - Each of the 3 matrices\n",
    "    - The inverses computed with the package\n",
    "    - Compute the product of each matrix with its inverse to check that you obtain the identity matrix."
   ]
  },
  {
   "cell_type": "code",
   "execution_count": 2,
   "id": "1069726f",
   "metadata": {},
   "outputs": [],
   "source": [
    "# this way the numbers don't change everytime it re-runs\n",
    "np.random.seed(42) "
   ]
  },
  {
   "cell_type": "code",
   "execution_count": 3,
   "id": "6503cc08",
   "metadata": {},
   "outputs": [],
   "source": [
    "# generating the 3 matrices\n",
    "matrix_1 = np.random.randint(-10, 10, size=(3,3)) \n",
    "matrix_2 = np.random.randint(-10, 10, size=(3,3)) \n",
    "matrix_3 = np.random.randint(-10, 10, size=(3,3)) "
   ]
  },
  {
   "cell_type": "code",
   "execution_count": 4,
   "id": "e6c938bb",
   "metadata": {},
   "outputs": [
    {
     "data": {
      "text/plain": [
       "(array([[-4,  9,  4],\n",
       "        [ 0, -3, -4],\n",
       "        [ 8,  0,  0]]),\n",
       " array([[ -7,  -3,  -8],\n",
       "        [ -9,   1,  -5],\n",
       "        [ -9, -10,   1]]),\n",
       " array([[ 1,  6, -1],\n",
       "        [ 5,  4,  4],\n",
       "        [ 8,  1,  9]]))"
      ]
     },
     "execution_count": 4,
     "metadata": {},
     "output_type": "execute_result"
    }
   ],
   "source": [
    "matrix_1, matrix_2, matrix_3"
   ]
  },
  {
   "cell_type": "code",
   "execution_count": 5,
   "id": "b69a4bfd",
   "metadata": {},
   "outputs": [],
   "source": [
    "# computes the inverse of each matrix \n",
    "inverse_1 = np.linalg.inv(matrix_1)\n",
    "inverse_2 = np.linalg.inv(matrix_2)\n",
    "inverse_3 = np.linalg.inv(matrix_3)"
   ]
  },
  {
   "cell_type": "code",
   "execution_count": 6,
   "id": "c8aa2815",
   "metadata": {},
   "outputs": [
    {
     "data": {
      "text/plain": [
       "(array([[ 0.        ,  0.        ,  0.125     ],\n",
       "        [ 0.16666667,  0.16666667,  0.08333333],\n",
       "        [-0.125     , -0.375     , -0.0625    ]]),\n",
       " array([[ 0.0801964 , -0.13584288, -0.03764321],\n",
       "        [-0.08837971,  0.12929624, -0.06055646],\n",
       "        [-0.16202946,  0.07037643,  0.05564648]]),\n",
       " array([[-1.68421053,  2.89473684, -1.47368421],\n",
       "        [ 0.68421053, -0.89473684,  0.47368421],\n",
       "        [ 1.42105263, -2.47368421,  1.36842105]]))"
      ]
     },
     "execution_count": 6,
     "metadata": {},
     "output_type": "execute_result"
    }
   ],
   "source": [
    "inverse_1, inverse_2, inverse_3"
   ]
  },
  {
   "cell_type": "markdown",
   "id": "537543a7",
   "metadata": {},
   "source": [
    " Compute the product of each matrix with its inverse to check that you obtain the identity matrix."
   ]
  },
  {
   "cell_type": "code",
   "execution_count": 7,
   "id": "1161e26c",
   "metadata": {},
   "outputs": [],
   "source": [
    "product_1 = np.dot(matrix_1, inverse_1) "
   ]
  },
  {
   "cell_type": "code",
   "execution_count": 8,
   "id": "2962c93f",
   "metadata": {},
   "outputs": [
    {
     "data": {
      "text/plain": [
       "array([[ 1.00000000e+00, -2.22044605e-16,  0.00000000e+00],\n",
       "       [-1.11022302e-16,  1.00000000e+00, -5.55111512e-17],\n",
       "       [ 0.00000000e+00,  0.00000000e+00,  1.00000000e+00]])"
      ]
     },
     "execution_count": 8,
     "metadata": {},
     "output_type": "execute_result"
    }
   ],
   "source": [
    "product_1 "
   ]
  },
  {
   "cell_type": "code",
   "execution_count": 9,
   "id": "9747b50a",
   "metadata": {},
   "outputs": [],
   "source": [
    "product_2 = np.dot(matrix_2, inverse_2) "
   ]
  },
  {
   "cell_type": "code",
   "execution_count": 10,
   "id": "14dad36e",
   "metadata": {},
   "outputs": [
    {
     "data": {
      "text/plain": [
       "array([[ 1.00000000e+00,  0.00000000e+00,  5.55111512e-17],\n",
       "       [ 2.77555756e-17,  1.00000000e+00,  6.93889390e-18],\n",
       "       [ 1.94289029e-16, -4.85722573e-16,  1.00000000e+00]])"
      ]
     },
     "execution_count": 10,
     "metadata": {},
     "output_type": "execute_result"
    }
   ],
   "source": [
    "product_2"
   ]
  },
  {
   "cell_type": "code",
   "execution_count": 11,
   "id": "5a2a3919",
   "metadata": {},
   "outputs": [],
   "source": [
    "product_3 = np.dot(matrix_3, inverse_3) "
   ]
  },
  {
   "cell_type": "code",
   "execution_count": 12,
   "id": "bddf602a",
   "metadata": {},
   "outputs": [
    {
     "data": {
      "text/plain": [
       "array([[1.00000000e+00, 4.44089210e-16, 2.22044605e-16],\n",
       "       [0.00000000e+00, 1.00000000e+00, 8.88178420e-16],\n",
       "       [0.00000000e+00, 0.00000000e+00, 1.00000000e+00]])"
      ]
     },
     "execution_count": 12,
     "metadata": {},
     "output_type": "execute_result"
    }
   ],
   "source": [
    "product_3"
   ]
  },
  {
   "cell_type": "markdown",
   "id": "65763121",
   "metadata": {},
   "source": [
    "These results confirm that the inverses computes using NUMPY are correct. Small values close to 0 appears but thats because of floating point arthamtic. "
   ]
  }
 ],
 "metadata": {
  "kernelspec": {
   "display_name": "data",
   "language": "python",
   "name": "python3"
  },
  "language_info": {
   "codemirror_mode": {
    "name": "ipython",
    "version": 3
   },
   "file_extension": ".py",
   "mimetype": "text/x-python",
   "name": "python",
   "nbconvert_exporter": "python",
   "pygments_lexer": "ipython3",
   "version": "3.11.14"
  }
 },
 "nbformat": 4,
 "nbformat_minor": 5
}
